0.000000000000000000e+00
0.000000000000000000e+00
0.000000000000000000e+00
0.000000000000000000e+00
0.000000000000000000e+00
0.000000000000000000e+00
0.000000000000000000e+00
0.000000000000000000e+00
0.000000000000000000e+00
0.000000000000000000e+00
0.000000000000000000e+00
0.000000000000000000e+00
0.000000000000000000e+00
0.000000000000000000e+00
0.000000000000000000e+00
0.000000000000000000e+00
0.000000000000000000e+00
0.000000000000000000e+00
0.000000000000000000e+00
0.000000000000000000e+00
0.000000000000000000e+00
0.000000000000000000e+00
0.000000000000000000e+00
0.000000000000000000e+00
0.000000000000000000e+00
0.000000000000000000e+00
0.000000000000000000e+00
0.000000000000000000e+00
0.000000000000000000e+00
0.000000000000000000e+00
0.000000000000000000e+00
0.000000000000000000e+00
0.000000000000000000e+00
0.000000000000000000e+00
0.000000000000000000e+00
0.000000000000000000e+00
6.666666740784421563e-05
1.439215848222374916e-04
3.933333500754088163e-04
8.819608483463525772e-04
1.262353034690022469e-03
9.376472444273531437e-04
8.329412667080760002e-04
6.627451512031257153e-04
2.407843130640685558e-04
3.509804082568734884e-04
3.509804373607039452e-04
1.047058904077857733e-04
1.333333420916460454e-05
0.000000000000000000e+00
0.000000000000000000e+00
0.000000000000000000e+00
0.000000000000000000e+00
0.000000000000000000e+00
0.000000000000000000e+00
0.000000000000000000e+00
0.000000000000000000e+00
0.000000000000000000e+00
0.000000000000000000e+00
0.000000000000000000e+00
0.000000000000000000e+00
1.517647324362769723e-04
3.576470480766147375e-04
4.533333703875541687e-04
1.066666678525507450e-03
1.969019882380962372e-03
4.152156878262758255e-03
8.180784061551094055e-03
1.177019253373146057e-02
1.333960890769958496e-02
1.521921809762716293e-02
1.479176059365272522e-02
1.248823851346969604e-02
1.033646985888481140e-02
8.101177401840686798e-03
5.654901731759309769e-03
3.740784013643860817e-03
1.748627284541726112e-03
9.592157439328730106e-04
3.976470907218754292e-04
3.921568804798880592e-06
0.000000000000000000e+00
0.000000000000000000e+00
0.000000000000000000e+00
0.000000000000000000e+00
0.000000000000000000e+00
0.000000000000000000e+00
0.000000000000000000e+00
1.054902095347642899e-04
2.647058863658457994e-04
8.556862594559788704e-04
1.932549057528376579e-03
4.819215741008520126e-03
9.777254424989223480e-03
1.800587400794029236e-02
2.738432027399539948e-02
3.733922168612480164e-02
4.443606734275817871e-02
4.781726747751235962e-02
5.044195428490638733e-02
4.573804885149002075e-02
3.811137005686759949e-02
3.021962940692901611e-02
2.149254083633422852e-02
1.323058642446994781e-02
7.037254516035318375e-03
4.058039281517267227e-03
1.627058954909443855e-03
4.254902014508843422e-04
8.509804320055991411e-05
0.000000000000000000e+00
0.000000000000000000e+00
0.000000000000000000e+00
0.000000000000000000e+00
0.000000000000000000e+00
7.725490286247804761e-05
4.952941089868545532e-04
9.321570396423339844e-04
3.419607644900679588e-03
9.838037192821502686e-03
1.992312446236610413e-02
3.703216463327407837e-02
6.084112077951431274e-02
9.039079397916793823e-02
1.200110241770744324e-01
1.488709747791290283e-01
1.740732491016387939e-01
1.820606589317321777e-01
1.699051558971405029e-01
1.431763768196105957e-01
1.083857193589210510e-01
7.906863838434219360e-02
5.358674377202987671e-02
3.172666952013969421e-02
1.716784201562404633e-02
8.540781214833259583e-03
3.307059174403548241e-03
7.517646881751716137e-04
2.250980614917352796e-04
0.000000000000000000e+00
0.000000000000000000e+00
0.000000000000000000e+00
3.921568918485718314e-07
1.282353186979889870e-04
1.841176417656242847e-03
5.381959490478038788e-03
1.392117049545049667e-02
2.806079760193824768e-02
5.168355628848075867e-02
8.836520463228225708e-02
1.379472315311431885e-01
1.919414848089218140e-01
2.465807646512985229e-01
3.004876077175140381e-01
3.427027165889739990e-01
3.600073456764221191e-01
3.500667512416839600e-01
3.109485805034637451e-01
2.514050006866455078e-01
1.881593614816665649e-01
1.324795782566070557e-01
8.322847634553909302e-02
4.936750978231430054e-02
2.614979818463325500e-02
1.242548692971467972e-02
3.496078541502356529e-03
9.811766212806105614e-04
0.000000000000000000e+00
0.000000000000000000e+00
0.000000000000000000e+00
1.529411929368507117e-05
9.901962475851178169e-04
5.385881755501031876e-03
1.312823314219713211e-02
2.779253758490085602e-02
5.407172814011573792e-02
9.477032721042633057e-02
1.536446511745452881e-01
2.227267771959304810e-01
2.948398888111114502e-01
3.658809661865234375e-01
4.265445768833160400e-01
4.757837355136871338e-01
4.961729347705841064e-01
4.794383645057678223e-01
4.377049803733825684e-01
3.713576793670654297e-01
2.895827293395996094e-01
2.094081044197082520e-01
1.350502520799636841e-01
8.072056621313095093e-02
4.301101341843605042e-02
2.231137081980705261e-02
7.462352048605680466e-03
1.676078769378364086e-03
8.117646939354017377e-05
0.000000000000000000e+00
5.019608215661719441e-05
2.729411935433745384e-04
2.858430845662951469e-03
1.130431517958641052e-02
2.398430183529853821e-02
4.690588265657424927e-02
8.578759431838989258e-02
1.431942582130432129e-01
2.200145572423934937e-01
3.055205345153808594e-01
3.901157081127166748e-01
4.568680226802825928e-01
5.009285211563110352e-01
5.289794802665710449e-01
5.347589850425720215e-01
5.211949348449707031e-01
4.937690496444702148e-01
4.400399923324584961e-01
3.627485930919647217e-01
2.684277296066284180e-01
1.776924878358840942e-01
1.031793579459190369e-01
5.639247968792915344e-02
2.746824733912944794e-02
1.081097964197397232e-02
2.149804029613733292e-03
5.960784619674086571e-05
0.000000000000000000e+00
2.454902278259396553e-04
1.313333516009151936e-03
4.884313791990280151e-03
1.553921215236186981e-02
3.294156119227409363e-02
6.329680979251861572e-02
1.126822009682655334e-01
1.892832666635513306e-01
2.845902144908905029e-01
3.827092647552490234e-01
4.507853388786315918e-01
4.810498058795928955e-01
4.844454526901245117e-01
4.834959506988525391e-01
4.805457592010498047e-01
4.815186560153961182e-01
4.831204712390899658e-01
4.565686881542205811e-01
3.913412094116210938e-01
2.966931760311126709e-01
1.975087672472000122e-01
1.149236187338829041e-01
5.920741707086563110e-02
2.819254063069820404e-02
1.157293934375047684e-02
2.665882231667637825e-03
9.882353333523496985e-05
6.235294131329283118e-05
6.427451153285801411e-04
2.035686280578374863e-03
6.672940682619810104e-03
1.685724779963493347e-02
3.700780496001243591e-02
7.245243340730667114e-02
1.309791058301925659e-01
2.234947532415390015e-01
3.355103135108947754e-01
4.232803583145141602e-01
4.532343745231628418e-01
4.345683157444000244e-01
4.013696908950805664e-01
3.885439932346343994e-01
3.921073079109191895e-01
4.146644473075866699e-01
4.461822807788848877e-01
4.413806200027465820e-01
3.860077261924743652e-01
2.953905761241912842e-01
1.965151727199554443e-01
1.144287139177322388e-01
5.635645240545272827e-02
2.425488829612731934e-02
8.087059482932090759e-03
1.949019846506416798e-03
2.223529299953952432e-04
1.109804070438258350e-04
4.890196723863482475e-04
1.898039248771965504e-03
5.924704950302839279e-03
1.485019642859697342e-02
3.502311185002326965e-02
7.510023564100265503e-02
1.425244808197021484e-01
2.470063269138336182e-01
3.598617315292358398e-01
4.251692295074462891e-01
4.156875908374786377e-01
3.548808693885803223e-01
3.155274689197540283e-01
3.109548389911651611e-01
3.313247859477996826e-01
3.719094395637512207e-01
4.220628440380096436e-01
4.235489368438720703e-01
3.662170767784118652e-01
2.730518281459808350e-01
1.777328550815582275e-01
1.053881943225860596e-01
5.131961032748222351e-02
1.930509880185127258e-02
4.355685785412788391e-03
1.161176711320877075e-03
3.427451010793447495e-04
1.490196154918521643e-05
2.517647226341068745e-04
1.454117824323475361e-03
4.256078507751226425e-03
1.158391498029232025e-02
3.352979570627212524e-02
7.862456887960433960e-02
1.590159833431243896e-01
2.708733081817626953e-01
3.732474744319915771e-01
4.128385782241821289e-01
3.727573156356811523e-01
3.065570294857025146e-01
2.808730602264404297e-01
2.952282130718231201e-01
3.388158082962036133e-01
3.869201242923736572e-01
4.298900961875915527e-01
4.184438586235046387e-01
3.443762958049774170e-01
2.481433898210525513e-01
1.596454679965972900e-01
9.622159600257873535e-02
4.899530112743377686e-02
1.781882159411907196e-02
2.765097655355930328e-03
6.247059209272265434e-04
1.403921633027493954e-04
0.000000000000000000e+00
2.341176441404968500e-04
1.016078400425612926e-03
2.885882509872317314e-03
9.822742082178592682e-03
3.491608798503875732e-02
8.913669735193252563e-02
1.789794564247131348e-01
2.906966805458068848e-01
3.746465444564819336e-01
3.977442383766174316e-01
3.523584604263305664e-01
3.013584017753601074e-01
3.043063580989837646e-01
3.484554588794708252e-01
4.053572714328765869e-01
4.507296979427337646e-01
4.670923352241516113e-01
4.230414927005767822e-01
3.259381651878356934e-01
2.263761758804321289e-01
1.460770815610885620e-01
9.386704862117767334e-02
5.187529325485229492e-02
1.847136765718460083e-02
2.501961309462785721e-03
1.074509855243377388e-04
0.000000000000000000e+00
0.000000000000000000e+00
1.321568706771358848e-04
4.850980767514556646e-04
1.982745015993714333e-03
8.967448025941848755e-03
4.090080410242080688e-02
1.023389250040054321e-01
1.939420253038406372e-01
2.968019843101501465e-01
3.691063523292541504e-01
3.812591135501861572e-01
3.501514792442321777e-01
3.284958302974700928e-01
3.732732832431793213e-01
4.411103129386901855e-01
4.967466294765472412e-01
5.198969841003417969e-01
5.048981308937072754e-01
4.289838969707489014e-01
3.148738145828247070e-01
2.154474407434463501e-01
1.437190175056457520e-01
9.642388671636581421e-02
5.560897290706634521e-02
2.031803131103515625e-02
2.610588679090142250e-03
9.882353333523496985e-05
0.000000000000000000e+00
0.000000000000000000e+00
0.000000000000000000e+00
1.827451051212847233e-04
1.489019603468477726e-03
1.042274199426174164e-02
4.855764657258987427e-02
1.114071756601333618e-01
2.003992795944213867e-01
2.930019795894622803e-01
3.571113646030426025e-01
3.682949244976043701e-01
3.581272363662719727e-01
3.734211921691894531e-01
4.536985456943511963e-01
5.180420875549316406e-01
5.602747797966003418e-01
5.505359172821044922e-01
5.079768300056457520e-01
4.221701622009277344e-01
3.072372376918792725e-01
2.154493927955627441e-01
1.519162654876708984e-01
9.945370256900787354e-02
5.943208187818527222e-02
2.221411280333995819e-02
3.296470735222101212e-03
8.000000525498762727e-05
0.000000000000000000e+00
0.000000000000000000e+00
0.000000000000000000e+00
3.027451166417449713e-04
1.488235429860651493e-03
1.316431257873773575e-02
5.531884729862213135e-02
1.156699210405349731e-01
1.968058645725250244e-01
2.791910767555236816e-01
3.343128561973571777e-01
3.537987768650054932e-01
3.643290698528289795e-01
4.103338718414306641e-01
4.901290535926818848e-01
5.412281751632690430e-01
5.612867474555969238e-01
5.332578420639038086e-01
4.876666963100433350e-01
4.037275910377502441e-01
3.051890134811401367e-01
2.240908443927764893e-01
1.623313426971435547e-01
1.046549826860427856e-01
5.908540636301040649e-02
2.283450588583946228e-02
4.289804492145776749e-03
2.490196202415972948e-04
2.627451067382935435e-05
0.000000000000000000e+00
1.843137215473689139e-05
4.984313272871077061e-04
2.148627536371350288e-03
1.648351922631263733e-02
6.072741001844406128e-02
1.180726587772369385e-01
1.873344182968139648e-01
2.573144733905792236e-01
3.028800189495086670e-01
3.250895738601684570e-01
3.453703224658966064e-01
3.948880136013031006e-01
4.590519070625305176e-01
5.005640387535095215e-01
5.091508626937866211e-01
4.927527308464050293e-01
4.557267725467681885e-01
3.861496746540069580e-01
3.097809255123138428e-01
2.390738576650619507e-01
1.678879708051681519e-01
1.053685545921325684e-01
5.474269390106201172e-02
2.094155550003051758e-02
4.378430079668760300e-03
4.027451504953205585e-04
1.117647043429315090e-04
0.000000000000000000e+00
0.000000000000000000e+00
6.262745591811835766e-04
3.452940843999385834e-03
2.115215174853801727e-02
6.634739786386489868e-02
1.219146698713302612e-01
1.787676662206649780e-01
2.366951853036880493e-01
2.751468718051910400e-01
2.962508201599121094e-01
3.163941502571105957e-01
3.530961275100708008e-01
4.031150043010711670e-01
4.403912723064422607e-01
4.599211513996124268e-01
4.580001831054687500e-01
4.368731081485748291e-01
3.837515711784362793e-01
3.192583620548248291e-01
2.443852275609970093e-01
1.659827828407287598e-01
1.001998931169509888e-01
4.859374836087226868e-02
1.757959648966789246e-02
3.914901521056890488e-03
2.654902345966547728e-04
1.466666872147470713e-04
0.000000000000000000e+00
4.941176666761748493e-05
8.635293925181031227e-04
5.936078727245330811e-03
2.614822983741760254e-02
7.303158193826675415e-02
1.310454756021499634e-01
1.843085885047912598e-01
2.310437560081481934e-01
2.628906071186065674e-01
2.851610779762268066e-01
3.035849630832672119e-01
3.267901539802551270e-01
3.728001117706298828e-01
4.183234274387359619e-01
4.510766565799713135e-01
4.588294029235839844e-01
4.416374564170837402e-01
3.916613459587097168e-01
3.235294520854949951e-01
2.363139092922210693e-01
1.529597789049148560e-01
8.632332086563110352e-02
3.925649076700210571e-02
1.391254551708698273e-02
3.981568850576877594e-03
5.439216038212180138e-04
7.921569340396672487e-05
0.000000000000000000e+00
9.999999747378751636e-05
7.207843591459095478e-04
7.901961915194988251e-03
3.012823499739170074e-02
7.765471935272216797e-02
1.394977271556854248e-01
1.971491277217864990e-01
2.471230179071426392e-01
2.859162688255310059e-01
3.145343959331512451e-01
3.330446183681488037e-01
3.527140915393829346e-01
3.965268433094024658e-01
4.489015042781829834e-01
4.761142432689666748e-01
4.834302365779876709e-01
4.502733349800109863e-01
3.879085183143615723e-01
3.030682206153869629e-01
2.104325890541076660e-01
1.291556209325790405e-01
6.905905157327651978e-02
3.117214329540729523e-02
1.162313576787710190e-02
3.299215808510780334e-03
4.549019795376807451e-04
1.568627521919552237e-05
0.000000000000000000e+00
1.411764787917491049e-05
9.952941909432411194e-04
8.064703084528446198e-03
2.910429611802101135e-02
7.357198745012283325e-02
1.379356831312179565e-01
2.054024487733840942e-01
2.665257453918457031e-01
3.192811012268066406e-01
3.634093105792999268e-01
3.913647234439849854e-01
4.204506874084472656e-01
4.626288712024688721e-01
5.044870376586914062e-01
5.144023299217224121e-01
4.935478866100311279e-01
4.359371066093444824e-01
3.496934771537780762e-01
2.526532411575317383e-01
1.646376252174377441e-01
9.522998332977294922e-02
4.877688735723495483e-02
2.172863855957984924e-02
8.434901013970375061e-03
2.380000194534659386e-03
4.850980767514556646e-04
0.000000000000000000e+00
0.000000000000000000e+00
0.000000000000000000e+00
1.008627470582723618e-03
6.828233134001493454e-03
2.330901660025119781e-02
6.057877838611602783e-02
1.201076060533523560e-01
1.953306794166564941e-01
2.713252305984497070e-01
3.399928510189056396e-01
3.989216387271881104e-01
4.449466764926910400e-01
4.833949804306030273e-01
5.215447545051574707e-01
5.391672253608703613e-01
5.156525373458862305e-01
4.574296772480010986e-01
3.720270991325378418e-01
2.708489298820495605e-01
1.787934750318527222e-01
1.086730211973190308e-01
5.814159661531448364e-02
2.845960669219493866e-02
1.323843095451593399e-02
5.025883670896291733e-03
8.399998769164085388e-04
1.513725583208724856e-04
0.000000000000000000e+00
0.000000000000000000e+00
0.000000000000000000e+00
3.505882632452994585e-04
3.869804786518216133e-03
1.378940697759389877e-02
3.928433358669281006e-02
8.364262431859970093e-02
1.504338830709457397e-01
2.301103323698043823e-01
3.132372200489044189e-01
3.850067555904388428e-01
4.431294500827789307e-01
4.804791510105133057e-01
5.018641948699951172e-01
4.940969645977020264e-01
4.435902833938598633e-01
3.654387593269348145e-01
2.685571312904357910e-01
1.810247004032135010e-01
1.101012229919433594e-01
5.990117043256759644e-02
3.028508834540843964e-02
1.459175534546375275e-02
6.714117247611284256e-03
2.603922272101044655e-03
5.725491209886968136e-04
7.450980774592608213e-06
0.000000000000000000e+00
0.000000000000000000e+00
0.000000000000000000e+00
4.980392623110674322e-05
1.399607979692518711e-03
5.635293200612068176e-03
1.814822666347026825e-02
4.260434210300445557e-02
8.670639246702194214e-02
1.471519470214843750e-01
2.178201675415039062e-01
2.933518290519714355e-01
3.550081551074981689e-01
3.945540189743041992e-01
4.013875722885131836e-01
3.749260008335113525e-01
3.186272978782653809e-01
2.434536814689636230e-01
1.657786071300506592e-01
1.025645509362220764e-01
5.472514778375625610e-02
2.861489914357662201e-02
1.383412163704633713e-02
6.472155917435884476e-03
2.796078566461801529e-03
7.200001273304224014e-04
1.866666862042620778e-04
0.000000000000000000e+00
0.000000000000000000e+00
0.000000000000000000e+00
0.000000000000000000e+00
0.000000000000000000e+00
4.823529743589460850e-04
1.694117789156734943e-03
5.399606656283140182e-03
1.415372174233198166e-02
3.146196156740188599e-02
5.937013402581214905e-02
9.405000507831573486e-02
1.358232349157333374e-01
1.722147017717361450e-01
1.981060206890106201e-01
2.036566585302352905e-01
1.909707933664321899e-01
1.613283157348632812e-01
1.214846223592758179e-01
8.149524778127670288e-02
4.594433680176734924e-02
2.491175755858421326e-02
1.297685969620943069e-02
5.256468430161476135e-03
2.253725193440914154e-03
7.662745192646980286e-04
1.121568711823783815e-04
0.000000000000000000e+00
0.000000000000000000e+00
0.000000000000000000e+00
0.000000000000000000e+00
0.000000000000000000e+00
0.000000000000000000e+00
2.313725599378813058e-05
6.007843767292797565e-04
1.874509616754949093e-03
4.753724671900272369e-03
1.100510079413652420e-02
2.022431790828704834e-02
3.338822722434997559e-02
4.796785116195678711e-02
6.178143993020057678e-02
7.034852355718612671e-02
7.391087710857391357e-02
7.193633168935775757e-02
6.109096854925155640e-02
4.765255004167556763e-02
3.267332538962364197e-02
1.821137405931949615e-02
1.006509549915790558e-02
5.400391761213541031e-03
2.618039492517709732e-03
1.125098089687526226e-03
3.917647118214517832e-04
8.941176201915368438e-05
2.666666841832920909e-05
0.000000000000000000e+00
0.000000000000000000e+00
0.000000000000000000e+00
0.000000000000000000e+00
0.000000000000000000e+00
0.000000000000000000e+00
1.843137215473689139e-05
6.282353424467146397e-04
1.827843254432082176e-03
4.206666722893714905e-03
7.204314228147268295e-03
1.217451039701700211e-02
1.619803532958030701e-02
2.029215916991233826e-02
2.362626791000366211e-02
2.558901906013488770e-02
2.436471171677112579e-02
1.975646615028381348e-02
1.590156927704811096e-02
1.117450650781393051e-02
6.225098390132188797e-03
3.685490461066365242e-03
2.141568809747695923e-03
1.195294084027409554e-03
5.752941360697150230e-04
1.960784575203433633e-04
1.058823545463383198e-05
0.000000000000000000e+00
0.000000000000000000e+00
0.000000000000000000e+00
0.000000000000000000e+00
0.000000000000000000e+00
0.000000000000000000e+00
0.000000000000000000e+00
0.000000000000000000e+00
0.000000000000000000e+00
1.450980562367476523e-05
2.576470724307000637e-04
5.556863034144043922e-04
7.976471097208559513e-04
8.807844133116304874e-04
7.415686850436031818e-04
1.065882388502359390e-03
1.409803866408765316e-03
1.968235475942492485e-03
2.201176481321454048e-03
1.964705996215343475e-03
1.021960866637527943e-03
6.643137312494218349e-04
5.423530237749218941e-04
1.552941394038498402e-04
2.352941464778268710e-06
0.000000000000000000e+00
0.000000000000000000e+00
0.000000000000000000e+00
0.000000000000000000e+00
0.000000000000000000e+00
0.000000000000000000e+00
